1,1,1,1,1,1,1,1,1,1,1,1,1,1,1,1,1,1,1,1,1,1,1,1,1,1,1,1,1,1,1,1
1,1,1,1,1,1,1,1,1,1,1,1,1,1,1,1,1,1,1,1,1,1,1,1,1,1,1,1,1,1,1,1
1,1,1,1,1,1,1,1,1,1,1,1,1,1,1,1,1,1,1,1,1,1,1,1,1,1,1,1,1,1,1,1
1,1,1,1,1,1,1,1,1,1,2,1,1,1,1,1,1,1,1,1,1,1,2,1,1,1,1,1,1,1,1,1
1,1,1,1,1,1,1,1,1,1,2,2,1,1,1,1,1,1,1,1,1,2,2,1,1,1,1,1,1,1,1,1
1,1,1,1,1,1,1,1,1,2,1,2,2,1,1,1,1,1,1,1,2,9,9,2,1,1,1,1,1,1,1,1
1,1,1,1,1,1,1,1,1,2,1,1,2,2,1,1,1,1,1,2,2,9,9,2,1,1,1,1,1,1,1,1
1,1,1,1,1,1,1,1,1,2,1,1,1,2,2,2,2,2,2,2,9,9,9,2,1,1,1,1,1,1,1,1
1,1,1,1,1,1,1,1,2,1,1,1,1,1,1,1,1,1,9,9,9,9,9,9,2,1,1,1,1,1,1,1
1,1,1,1,1,1,1,1,2,1,1,1,1,1,1,1,1,1,9,9,9,9,9,9,2,1,1,1,1,1,1,1
1,1,1,1,1,1,1,1,2,1,1,1,1,1,1,1,1,1,1,9,9,9,9,9,2,1,1,1,1,1,1,1
1,1,1,1,1,1,1,1,2,1,1,2,1,1,1,1,1,1,1,9,9,2,9,9,2,1,1,1,1,1,1,1
1,1,1,1,1,1,1,1,2,1,1,1,2,1,1,1,1,1,1,1,2,1,1,1,2,1,1,1,1,1,1,1
1,1,1,1,1,1,1,1,2,1,1,1,1,2,1,1,1,1,1,2,1,1,1,1,2,1,1,1,1,1,1,1
1,1,1,1,1,1,1,1,2,1,1,2,2,2,1,1,1,1,1,2,2,2,1,1,2,1,1,1,1,1,1,1
1,1,1,1,1,1,1,1,2,1,8,8,8,1,2,1,1,1,2,1,8,8,8,1,2,1,1,1,1,1,1,1
1,1,1,1,1,1,1,1,2,1,8,8,8,1,2,2,2,2,2,1,8,8,8,1,2,1,1,1,1,1,1,1
1,1,1,1,1,1,1,1,1,2,1,1,1,1,2,3,3,3,2,1,1,1,1,2,1,1,1,1,1,1,1,1
1,1,1,1,1,1,1,1,1,1,2,2,2,1,1,2,3,2,1,1,2,2,2,1,1,1,8,1,8,1,1,1
1,1,1,1,1,1,1,1,1,1,1,1,2,2,2,2,2,2,2,2,2,1,1,1,1,8,8,8,8,8,1,1
1,1,1,1,1,1,1,1,1,1,1,1,1,1,1,1,1,1,1,1,1,1,1,1,1,8,8,8,8,8,1,1
1,1,1,1,8,8,1,8,8,1,1,1,1,1,1,1,1,1,1,1,1,1,1,1,1,1,8,8,8,1,1,1
1,1,1,8,8,8,8,8,8,8,1,1,1,1,1,1,1,1,1,1,1,1,1,1,1,1,1,8,1,1,1,1
1,1,1,8,8,8,8,8,8,8,1,1,1,1,1,1,1,1,1,1,1,1,1,1,1,1,1,1,1,1,1,1
1,1,1,1,8,8,8,8,8,1,1,1,1,1,1,1,1,1,1,1,1,1,1,1,1,1,1,1,1,1,1,1
1,1,1,1,1,8,8,8,1,1,1,1,1,1,2,1,1,1,2,2,1,1,1,2,1,1,2,1,1,1,1,1
1,1,1,1,1,1,8,1,1,1,1,1,1,1,2,2,1,1,2,1,2,1,2,1,1,1,2,1,1,1,1,1
1,1,1,1,1,1,1,1,1,1,1,1,1,1,2,1,2,1,2,1,1,2,1,1,1,2,1,2,1,1,1,1
1,1,1,1,1,1,1,1,1,1,1,1,1,1,2,1,1,2,2,1,1,2,1,1,2,2,2,2,2,1,1,1
1,1,1,1,1,1,1,1,1,1,1,1,1,1,2,1,1,1,2,1,1,2,1,2,1,1,1,1,1,2,1,1
1,1,1,1,1,1,1,1,1,1,1,1,1,1,1,1,1,1,1,1,1,1,1,1,1,1,1,1,1,1,1,1
1,1,1,1,1,1,1,1,1,1,1,1,1,1,1,1,1,1,1,1,1,1,1,1,1,1,1,1,1,1,1,1